278277
426960
210896
215091
220871
222827
238954
248300
241950
241015
244113
236148
189180
243286
171839
255709
161187
934015
168162
380778
181096
223569
194702
189989
170944
207366
176053
183279
163861
162333
289892
216724
206406
208787
187187
170256
208634
176121
190650
163538
179180
191719
166297
155219
166142
185728
221072
261440
186342
188107
220823
208332
192091
159686
157056
222252
199255
179816
237806
143330
219738
286514
162708
187385
231416
168530
164466
218960
167381
186127
256489
187805
219027
222806
172438
160411
231437
233742
168858
224538
148222
206373
275194
161897
160431
186035
174789
183487
189417
155706
179787
197704
148086
135367
156538
160137
151508
155114
199826
148650
171147
155276
151731
170855
147434
155458
162512
173688
164734
156551
155573
151958
141396
170525
145876
166904
176103
183911
169538
221623
201074
189197
190316
161983
152675
250290
155276
200538
155967
146208
193129
174313
135331
150351
337150
398379
168443
140403
208178
164304
138922
143157
186347
157694
145030
203833
134987
153079
134446
148691
196961
202278
157456
147951
144753
251328
148271
136866
139233
181214
205954
283514
148883
160265
155805
157100
159895
148774
147721
161321
139411
142874
150694
169834
156870
139476
149373
143975
148431
166482
146718
139983
154588
143221
167674
156418
179449
123389
149835
149469
139958
143789
151923
118217
223446
173922
151312
151662
152336
182508
143902
180229
153377
141456
170658
170047
149332
166373
141436
153354
147816
154162
158002
152553
155312
141591
146970
153737
168152
211364
180625
165572
159462
228031
177249
178151
205679
159048
150557
221912
165635
152283
220529
151445
144606
247450
161970
153881
187910
149615
168963
215884
159156
202981
151978
144138
159752
227298
127846
166019
201633
198313
155528
210041
141605
164636
209215
152954
144600
240472
146969
170954
192307
151329
141498
240868
151226
139103
169455
138631
144416
189394
126706
136275
131931
131046
152626
152636
149271
132689
161425
166193
151171
187646
155507
142752
159237
152669
198857
181370
150253
138823
132550
142654
142388
196669
168198
164203
147643
136396
141893
186586
156915
157603
139706
138219
142728
158160
186770
150662
145746
141748
122636
169478
123224
151351
141502
153368
193743
190198
154260
153154
126196
120274
134478
176238
148813
150058
140581
160117
147256
148024
143863
125210
162331
148047
156654
149993
177203
149521
153061
255183
160339
141716
148085
155861
152118
149053
159988
146994
139167
144844
157393
114083
175242
269261
192299
245803
188013
166551
149355
154955
136811
141966
159835
149583
148389
142246
166285
158812
160736
138640
140079
130042
124159
156103
182284
165023
149539
154566
145777
151218
160246
152605
209888
147098
147857
148914
201939
210239
149365
140961
150804
200126
156283
143430
236524
152815
159163
172950
158678
141099
153091
240636
171427
145527
162966
167657
139123
151104
218712
206808
224568
117285
128761
118992
148169
200203
176530
149196
154178
154911
201000
158573
149711
181449
166393
163148
146603
131481
169398
170733
152153
152509
157590
142546
142258
144239
197554
155957
162094
155472
207034
149905
158097
151139
159183
149971
238868
162798
230238
156323
159325
147613
145126
148733
188098
162897
201644
191776
142423
146128
147675
220071
149464
156604
199297
160728
187569
135983
124504
132338
145312
151334
152276
147750
134821
148536
166279
157752
151597
156847
155613
150200
171550
131893
130661
149354
137271
168025
146890
166378
141560
178819
128833
142901
159466
181230
195179
166696
132429
144621
136248
155332
174293
172193
203728
176062
184470
153060
136190
119741
184719
156021
167286
178510
154082
135847
132990
175962
170562
160453
194825
149963
147820
213372
150258
160175
156879
164824
149395
147015
147374
161713
161665
138691
138384
174003
166242
130663
138041
150316
166904
336883
141744
148953
176475
176533
121126
133869
144379
150488
148360
147026
133940
133963
123006
160573
142708
172075
189217
163170
136837
164114
164177
204625
148144
139841
152708
142121
155337
152522
149900
135471
149414
133272
142551
126284
128821
142464
154881
146506
138885
178920
167318
152247
141890
136037
206434
146516
142933
138236
136696
149189
145320
185622
139976
138379
136901
139609
148228
139598
129554
155126
145918
139977
143456
135029
211543
143866
142020
158146
148366
158026
150625
143939
132714
279062
164780
119051
130798
154434
149956
168794
131038
135133
115715
113229
111312
115644
146665
133705
125720
114125
110566
127696
107549
113560
112369
121009
162613
145673
152935
148978
135347
135353
132144
156787
156269
153346
175273
138573
159682
139390
131417
138597
151967
147427
148556
195872
142979
162320
144687
147088
152277
151672
148204
162246
145680
144367
148779
149106
138394
134379
148521
157975
149688
144512
144422
140521
119367
130469
142768
172529
152817
142586
169038
164674
155790
150568
166665
150587
136488
136703
141752
141709
133986
135491
163648
153042
132604
162456
127727
129986
142576
183344
168042
151714
144403
155166
143484
244008
121885
142747
196848
149208
154125
137910
154003
150064
203559
149242
149516
137599
181435
123971
122685
161956
168648
178482
151543
145221
153144
144015
151527
190372
160707
184117
149263
145574
146978
131388
139604
136891
207024
158928
155331
144038
138878
145771
133407
144056
142388
144637
150025
157888
146239
149392
130333
139628
121403
128879
148778
148805
163219
144331
142026
148386
132720
154502
171751
141878
142589
139879
144676
145945
178178
200465
342133
195660
167983
562883
150585
141233
165943
162745
150199
139753
130241
143761
137919
148363
160657
159626
153485
143687
378100
155818
159904
151030
151104
162300
136515
144678
206613
136156
137505
168750
140229
137221
144577
135810
145320
158238
122924
131059
144340
163590
155345
154075
165165
163345
222232
132953
161151
123422
142301
128832
161034
159465
138856
135317
133625
142186
139641
154850
159618
149728
149974
144266
158535
147836
120779
3385911
147044
133867
194638
165701
173473
156235
135721
147293
151937
164867
164019
179085
152363
150257
199504
170284
141794
168470
158289
159384
160562
145594
159110
141298
153606
159200
138974
147695
160363
142235
126459
126827
164141
144138
145774
160210
156453
160162
159099
133941
157440
138303
134261
162650
126557
150138
150963
172057
143440
145486
165924
133259
135097
127172
180424
160917
151606
142693
157645
146378
166498
139513
133136
175412
310833
162832
167541
148548
212759
150003
137543
152005
177478
147528
142272
156356
162058
151095
158141
145618
151424
156893
154899
206991
126457
149407
147118
152475
151533
140538
118801
128021
141171
137057
138997
144215
153402
146968
155983
137970
126135
140671
156580
163052
145186
167392
181804
155908
153158
141280
139196
137234
158378
184602
157883
140959
150118
152476
147149
134920
188671
141833
146087
173551
143096
141898
157452
150915
145261
148053
136847
138509
139201
155978
150669
146542
154438
151045
170959
174425
212819
145691
166123
145042
174057
142143
199117
145831
146267
144879
143273
144776
147574
152713
143011
141952
147459
119477
130789
142552
163660
146983
144425
154236
138711
149021
144398
154264
168655
120542
525835
115441
110997
161221
142838
143319
124436
154307
143472
137278
147453
147575
142923
150179
142711
152740
118860
167799
138361
155469
141832
191975
147991
146780
169296
151961
135114
162055
149965
138525
148713
163600
139609
130778
167740
148384
134759
196761
123653
144529
147530
164569
142276
134507
200282
153074
141714
159313
152044
147930
117284
147034
153343
158829
146376
146203
150560
184711
142512
181730
142685
167561
150292
134626
134915
137462
141447
176704
192004
145514
144948
146280
150394
143679
138456
144240
140028
166812
144759
135738
134446
140779
139796
137177
145188
152144
156656
161958
186112
137393
137063
135681
128290
140419
141407
153862
114013
164655
214829
136782
133001
161939
135518
215740
149255
147512
137821
137265
137139
141233
182261
137857
158422
153127
134589
141250
151076
137610
134963
135215
132562
175922
165477
141368
136792
175135
146203
139573
162828
167013
137791
142465
151942
197002
146238
135490
143331
174575
135909
177989
110997
135925
150220
156567
168693
152785
141891
147711
144122
144765
146103
170172
158352
158801
143606
152792
126046
122411
148159
153843
153742
153168
161687
159358
134962
137205
133288
145271
136961
144947
117364
120859
149370
191235
137300
136375
171308
156215
168878
124509
138546
139478
163337
152253
153686
144868
153390
139811
135918
131691
134972
145352
218828
155402
152788
138955
143743
118310
126071
139270
160300
146314
148182
147634
136517
149005
158056
122593
129984
139600
136841
138676
144493
149989
140161
155162
162463
142922
143580
134617
137238
157020
154160
168935
138537
162314
148449
190067
132518
144181
148765
160621
149040
138595
166497
161494
136654
149236
190357
119083
145611
130356
167760
139000
127366
143964
111772
183787
122007
115010
120561
162120
158293
128857
124791
138505
138717
132997
132441
131044
129933
164316
154136
140462
129750
133689
127794
126571
137571
127016
150082
153063
183150
135201
151291
140327
127868
123557
134882
130773
130559
226784
210694
154498
136869
141411
141212
143455
190018
317750
136001
148645
169383
157283
153263
135956
127594
143805
143766
157050
148648
161743
151143
126070
171807
145459
148189
153561
115296
152437
135918
113322
148223
131372
123514
147531
134958
143910
129493
124312
130666
139641
144591
150961
137265
204038
151015
142718
114461
139436
163256
138196
140543
146297
134496
151810
146329
157966
144521
141277
139085
138368
128841
156069
139766
136711
156824
141189
145249
141361
134213
132999
160257
148172
138914
132702
152920
143287
140364
143019
130408
140400
137214
136305
162050
135120
155467
143664
136470
134603
141195
138953
138298
155920
153321
134649
135691
158495
120773
127378
168836
207031
162459
145626
214384
157156
145496
147059
147570
176228
194807
134206
145735
140583
137641
139489
139260
133228
129031
173870
143474
142157
127486
155707
170616
138958
136971
133329
180035
168455
172167
161883
113409
154313
121188
142789
169451
138094
161179
146699
141530
157996
153837
119538
120425
155204
188663
140851
188272
152235
144980
144817
140010
155270
143663
137575
172556
133315
157770
142296
136951
134858
185368
145273
134411
134368
132205
134143
148348
140496
142018
134547
135515
129540
126602
143624
144227
135784
160527
120765
140234
130194
155538
149743
155828
150985
132032
131306
146973
141685
156984
152975
117086
147585
139825
131083
149113
131683
148499
143068
132978
132842
119100
132966
146140
136725
118029
142091
144918
165527
137901
156870
163093
156785
150112
144821
137031
138238
150404
211716
124588
146833
137393
147865
147692
182575
153892
142541
160250
149948
164916
157966
147524
183126
161497
173597
150629
163175
134931
132640
156271
160549
162406
142632
171606
131287
125407
148777
141172
131187
140784
136875
151058
139814
144712
140068
154928
179132
161568
136849
133766
126435
159828
119437
146776
152830
148018
140943
162570
140821
161160
126478
145273
157522
137072
173287
157250
115236
121774
977732
151314
148135
151314
156233
133802
138394
133356
160204
159048
150511
138131
142736
132569
211184
142529
141282
276959
166364
119961
218527
129500
149302
159380
165574
170030
138718
128969
193284
134866
138580
139260
189382
163798
137349
136316
129243
134851
193321
191160
137064
139157
136719
128627
148000
134645
149334
143333
114837
141644
142049
130264
154882
132462
137964
153995
147316
147880
137753
133723
131942
140254
123775
200722
169931
153346
132004
149446
196555
135956
139201
130156
130062
176425
152554
119076
175158
150967
115494
114557
111246
151288
134401
160053
116953
109906
181644
142578
133560
154039
143236
133293
130439
189574
142916
149901
134258
117609
143492
147395
132173
135494
128424
136686
161112
194127
162751
119838
135972
154168
135206
150963
118022
122102
146419
201185
125741
130528
138726
136963
131546
151276
151299
191645
145442
149223
197797
147883
151577
139813
136371
157966
195306
177439
144039
235803
148400
146595
143113
133986
160624
138375
152577
157805
149795
125899
133740
151970
143240
136231
129157
168308
142561
209309
163022
142815
146021
136770
159113
138098
143823
154925
159439
155258
140006
138136
147306
136842
153476
136584
135163
151075
213579
160212
176626
159062
134819
155076
159640
161813
150022
148483
253803
146359
157445
157022
125492
128172
144530
142907
180227
366557
177084
151026
151808
154954
138551
123721
123579
173464
120116
141750
194543
228702
148019
147649
135298
145238
144845
170228
143836
134182
149319
148259
143176
146505
153961
155285
136411
152639
175500
140806
139919
172185
152414
148730
145797
171970
167188
135644
145467
133948
139806
139646
139785
131940
132176
128555
146757
137049
133151
135646
137157
156693
151163
158770
136520
279252
146150
152625
137910
144806
140522
151760
141237
133180
136613
132577
147085
139184
153072
169124
142239
156710
215592
210276
122988
145317
141213
132079
163420
137357
211397
153957
148346
118961
144999
139479
143858
155871
195650
186531
153264
187281
144796
141463
144715
200281
156800
152998
194591
150345
172372
146851
140286
145623
184930
141899
139144
218408
179189
230436
165614
153304
143546
150155
192849
152263
142188
207796
150898
161891
141990
131114
149909
136540
153684
142828
143751
190991
135359
156110
152362
138204
149715
135532
191149
134943
146598
189912
149674
146773
146097
140378
143025
142644
139717
135502
134435
197344
134670
152811
145159
130994
204571
127984
126624
206724
143421
154050
146228
153130
147922
145248
154764
140421
141846
149796
155589
137128
117962
125720
191244
144861
180869
139705
5913322
120450
258758
126866
150363
137641
116952
146353
157316
158501
154314
141986
137880
133967
149834
132234
142170
152087
142814
142021
128661
133825
145278
138198
133946
123639
121742
147527
148557
164213
154296
149175
137781
135467
148387
137977
140424
135870
157168
143338
213920
151912
181276
148198
139056
137526
139887
140514
148593
139303
136914
150821
268662
149550
125116
138194
169247
155269
167256
203725
185226
140282
145605
137182
147858
158761
161263
146688
168641
154991
153831
134588
139124
140414
139509
184449
122127
179685
137619
198697
156100
184777
151138
149634
143730
152508
195856
156628
153818
137123
144574
139191
148399
144313
145254
146648
150495
153273
140621
117162
157610
149058
148090
136921
143629
210777
148448
149478
145953
141156
141030
140443
139804
135611
131445
145051
146824
139476
141033
146514
141422
140091
148020
154856
175890
157196
119917
114213
134703
137708
148205
133148
130983
132857
134583
132375
158853
143165
135647
133657
140359
135184
177797
137832
134424
130193
132554
134456
140746
137844
143938
213905
156252
153940
140865
134944
136164
138093
150461
144149
176515
152386
159343
115169
137421
129112
148938
178447
151574
148112
148781
148490
141913
134419
115156
126314
134076
132413
193954
116202
142518
131347
140149
141568
146218
137891
207637
124923
143417
137804
150259
153280
140678
145664
150661
137204
122014
134005
141118
132556
145007
125672
153806
143139
137336
150656
139924
130596
136628
161316
166353
153936
136378
144561
141338
217686
135996
187253
129340
208961
136296
138306
139804
163433
134867
218444
152435
135162
131327
230485
163270
143918
140234
151112
112830
187124
158145
138341
140860
163316
152792
143651
140255
148302
143472
147381
155608
174964
165897
172313
157526
166271
155970
184095
144045
199897
147479
129899
138408
134855
168068
131704
138268
180019
147935
150373
157246
138788
144455
151069
129992
162037
161266
148530
142542
130381
137117
152935
162194
154766
157151
139572
137502
148629
175285
142025
134381
153048
148245
148715
135092
148455
154269
182001
150134
140176
184500
138341
147436
141702
146952
173533
163686
143826
137050
133974
139566
141492
148576
152613
144642
146200
144607
158685
148315
133359
136601
140777
139749
158564
135591
181314
167302
147088
145280
143719
143142
137738
250012
127335
120834
152194
142585
213358
124262
145586
137333
133738
148001
142211
208072
134123
124069
128925
941263
153298
302701
157892
140803
149881
140494
139159
154675
140552
165892
135900
147996
144026
137496
150622
141661
173877
169140
170529
163274
148964
164216
251516
156556
150946
149186
169327
161657
195530
205221
182562
202493
165135
149732
171878
137190
141426
163125
137973
134252
134898
140299
139258
146600
169143
159257
156170
201439
140348
148078
166397
158304
129835
153998
134264
141503
154239
149724
118181
127253
126041
122917
209842
129331
160996
145588
142043
153850
147170
141526
220732
139318
138290
159609
140931
156902
134391
160775
134608
169864
160768
153743
145289
193278
150580
144413
142649
164036
141061
176937
186750
143621
141049
178387
141531
161357
149812
170047
323903
149174
139337
152945
140551
137855
133239
134984
130598
206842
138898
144506
210644
142200
136059
210284
144364
150398
143966
140656
144448
160016
134274
152277
152279
155985
136691
195367
132281
135807
133733
135842
155867
187607
175127
136229
132958
131909
133697
199309
119343
151276
127471
132456
221671
145477
178756
116477
153415
254896
151972
129607
132172
168896
191312
132501
350551
187176
162768
160126
210780
147966
155123
152505
140209
153849
195165
189056
183346
144969
143233
132172
190769
171002
148098
138025
134362
212326
210531
137827
149752
135011
147336
149013
161750
132103
125232
158554
224090
155528
151685
183989
155212
137536
132528
120195
171776
136747
119278
145943
120818
192629
158446
139370
156253
143519
156248
174412
146724
133842
139605
168762
162115
148426
138413
167756
169832
173163
146236
155570
133093
147457
141968
183528
159929
142185
135551
159050
148944
158588
158062
158067
143918
135376
173144
170511
161231
140629
158295
161196
152143
157413
156904
198872
144234
134229
151883
162972
144912
158233
144381
148690
138853
154408
149951
173764
188511
147634
150016
152063
153681
187047
155800
141178
202028
158338
116662
126349
135363
200762
131884
164590
172037
231390
150908
153956
158553
145071
149066
154742
135127
149129
174898
136719
145681
168802
159498
193449
205143
139963
135942
142491
165821
136958
162997
171468
144509
160963
130932
142327
144194
167793
158866
188762
147493
141296
156572
147405
216398
139176
138706
134943
140937
137836
133974
143952
128091
149592
162066
172455
205411
185085
154663
156714
160712
156468
146582
159075
129524
197782
158674
182572
131198
156132
150783
141765
140089
126424
114014
165526
150303
190718
154627
139584
163447
160667
187950
146250
149655
164352
183392
167196
180085
179443
216491
144260
151896
151088
