13806209
1081028
415684
431187
433843
443204
486509
495669
512680
485360
514671
487786
429698
481631
330210
495102
296144
1128094
2632011
977799
348897
452992
348849
372755
326785
376326
403901
352124
319493
325272
458183
430327
360931
384438
346634
368037
411652
359492
352509
409157
385393
375116
361841
374186
329883
335820
418802
523474
366996
356859
396103
383021
355245
305081
299564
3704825
500588
348999
474841
269070
403344
523471
311433
383104
454927
322730
334393
450871
315583
372984
488194
323945
374671
484512
322141
307156
462470
399819
325641
445032
272384
364102
499781
296270
321021
371526
350150
348557
461620
292283
314543
388904
371510
288892
290344
344482
310708
291145
398743
338707
306609
291724
293894
385079
373572
283814
349825
323781
333953
289054
306588
309116
262872
325189
270004
323767
307162
382064
332716
393003
423676
347265
345090
289110
289204
471592
340065
409208
294041
356485
355560
296738
252847
289342
518574
579269
302919
258391
414847
310043
249945
265924
380150
298400
275391
418658
264257
299984
255090
359375
415103
450655
295394
274930
281875
480903
284997
256012
258620
367837
438315
507540
287539
310081
303295
287339
285684
283243
304978
300865
259861
268332
288087
370228
308110
276948
285171
270380
343134
325858
282988
264309
275939
284024
367113
294011
343617
265585
280537
290365
257177
292994
264396
226727
374596
326618
360888
292106
297341
369860
272190
306246
290669
268761
340550
305087
263972
307993
262178
316565
274441
287399
311103
302811
307366
266720
283377
297446
307709
420535
347007
435150
272053
442983
326493
347921
388580
298839
284766
470483
329592
306551
446348
272450
269375
467929
303705
295044
382838
287313
292057
984576
313265
401267
291190
259550
311334
442704
256135
326793
494182
431525
270222
427681
268155
335713
425574
298654
276606
469644
272030
352491
414365
292350
263267
453690
297216
254267
352074
248461
267638
376641
242947
294854
255856
269642
293313
294092
303865
251101
319409
299191
279160
343782
282602
265669
301262
272143
325132
361215
286216
262762
256257
275725
269500
391073
291170
309723
264128
251068
270480
352682
300824
300136
258342
257059
262979
372797
445706
279530
329466
376463
229439
317695
233695
274452
262443
309625
394864
366811
310685
294679
260464
232004
280844
326726
275860
292798
255275
307199
280392
279564
272537
263197
298470
309232
334343
276212
312034
285512
293288
413658
327895
267179
288561
297599
287654
287511
311501
289930
257321
275095
313549
239211
340117
535016
360704
368133
317029
293152
287412
290794
298489
304121
276543
262728
294303
268605
319130
309956
314196
272698
268084
246540
235440
316625
365169
337266
289821
294282
276472
291041
317624
291642
343907
278210
286801
260697
344772
442306
279738
263749
293891
345546
295289
264365
461391
3026293
290146
342019
320276
265555
283955
532672
310992
280687
342894
327060
260042
299687
447702
389804
480772
307599
286655
265770
366862
403174
346165
284046
292465
303586
396954
310870
304136
373195
328155
321716
433878
287078
340023
348537
302378
295650
335168
281808
276395
268922
370518
295495
317469
316203
401428
289735
294116
289067
297105
284679
381111
326035
498123
313744
305541
290002
284174
270769
337712
321437
404830
381899
263955
281297
269087
358421
295755
303596
364156
312484
317623
257734
231683
336183
268828
301043
308750
289946
269930
332540
312088
348000
326153
286304
301847
293272
301736
258104
274149
283950
266485
285270
284041
352089
270030
444395
309238
266475
319147
349794
347108
396260
309584
272793
253771
286265
324829
315676
353932
321012
348741
288872
266292
243923
327444
384175
327619
325365
285352
304864
371092
305378
302654
320660
385777
282129
291398
400454
308343
385689
309301
293896
283329
281712
290805
289054
288029
265172
268035
361350
322210
283394
264577
288988
299067
519284
275663
276534
354043
316916
229084
266625
282113
283318
291635
285234
311001
255559
228721
289707
275851
318039
322523
338136
260603
343178
297568
380762
278798
261253
289119
263307
301040
322563
304770
257235
306591
260109
268996
258517
270153
295912
291509
283797
255816
343099
359307
325813
262447
252418
350437
284717
276388
255217
251702
297222
332045
319591
257123
264982
265591
297715
267082
262519
241664
316470
285301
255330
282104
250528
409064
277471
275888
298514
313131
322764
310271
259722
306985
412146
300741
284758
272187
308191
323793
307264
243378
244867
223223
242276
209946
218899
294156
273589
252919
215892
215709
229002
209197
224041
210037
234819
310478
287165
292995
296542
253012
257485
244837
301094
314024
377209
538158
266761
356397
266098
247153
247548
292423
285760
297416
367289
270878
308727
275050
287228
299451
304432
292612
299557
276459
269949
291976
308009
267368
260383
302948
307596
298892
273794
275074
307498
224553
238361
311631
311596
292087
264438
311384
299784
313011
288384
270511
285794
255354
254218
272622
282791
265420
252390
360703
272731
248873
269125
229339
246418
265083
413825
330665
294013
280882
282432
272497
465282
237148
262245
398122
292556
268559
253230
281383
284285
368164
278536
268697
266396
351755
237788
226550
321956
313954
299634
278151
277059
324592
287176
304571
321978
290475
308660
287229
262098
283335
264694
278692
253644
357008
329326
281517
304388
262888
267273
253990
258490
282585
275422
280336
295441
273070
281102
275102
256255
268222
237941
309349
314043
291419
288637
268539
268575
246844
297245
366509
272527
268720
269927
275064
293729
302934
381547
524074
354679
284693
805086
287245
317545
350276
288035
299779
260602
250145
267094
277999
279301
304635
304769
306550
270352
579980
311774
375051
273502
277510
315888
254545
316759
332835
256981
258925
350187
260892
289049
280864
255972
266710
319929
267764
300954
271960
316426
290995
280688
300558
308366
440014
263104
310598
264924
261345
333954
986724
304998
257129
277939
274129
268199
258809
476138
278344
289424
286634
311336
308968
282955
260413
3511170
337375
306376
396958
317181
314085
314413
268398
276915
301092
296121
311816
361732
282841
283087
336116
338466
308764
327138
332111
288709
287654
273597
286559
270825
288739
341985
266809
289371
310405
280908
242182
235638
291978
283591
284637
320443
304598
313766
313305
266709
295964
272051
249083
315876
255275
335633
306414
313966
270221
265413
284776
265077
252970
237867
309101
301472
300536
285899
290897
303534
298969
261267
321206
343518
436622
312691
325089
291097
386379
277313
254657
302404
313224
280387
272109
295136
309820
293483
299841
284449
268802
310300
285463
328719
254633
304639
286108
288987
314059
266072
236498
301536
262254
252457
255235
281881
300694
280203
323784
324569
237977
264030
268933
270511
258250
308628
357894
287188
294919
257411
266356
262674
283602
372094
277252
258028
270388
273548
274350
251583
356662
262851
295078
343135
289157
325153
295948
289640
270055
273519
275880
265550
262552
327798
284484
300367
303836
285245
387793
291697
368844
267160
296201
283562
318056
269083
339509
305590
272619
279897
271883
283883
298586
296700
272545
274988
277607
246084
302507
272518
299903
271924
294104
294050
265203
286618
262541
317393
277215
264782
660954
221340
213413
362793
278643
292875
261553
318748
289186
262265
277647
271194
263810
302966
298536
324118
232999
327206
255036
293553
265994
310549
273341
277165
313493
297627
255677
321108
280649
254514
288129
290647
262272
244235
339705
275508
256530
362233
243604
272592
270627
292364
266427
253103
375174
295387
262935
323379
287864
274287
225804
281841
316625
299831
276291
289038
289219
393760
278889
344475
261935
284202
272345
250328
253114
257413
271934
354125
371462
268625
259655
284578
405866
268124
267710
264067
264942
330052
272010
273014
249216
261092
260977
258592
287799
285147
282055
282494
309224
270962
252258
255208
239576
270993
288427
363014
261270
286793
406546
254756
247405
299575
257474
364972
273508
270721
260879
278870
250933
253810
299684
255176
303367
313670
250743
270455
271576
247924
247755
247295
254361
292384
330717
269945
253692
336525
283002
262472
284975
445123
252749
270079
296868
334163
276604
258817
264870
297399
250787
303492
215051
264418
294703
333197
286738
291446
293193
272765
277297
272719
279505
382349
355962
328020
279668
281967
246700
241088
285338
280715
295624
348259
344440
349546
253099
273579
255493
273860
256093
268222
236305
236009
301137
326751
255137
257180
354884
295011
289011
264908
254972
281097
318661
3073022
288637
272330
294714
257403
249726
242222
261353
283745
451078
280209
297291
272627
269552
241836
237330
269219
278025
273814
303458
279021
255130
289592
294242
328618
280281
256127
250463
261494
288327
278233
258652
414304
304303
246527
267276
255160
247841
308578
300302
295772
262677
302906
343624
317217
252476
261068
298664
325283
286496
343150
333070
360087
331081
279768
347127
231787
276993
262165
362302
264882
290255
269700
214383
309143
232009
244453
249693
347753
297659
262440
233813
277523
260177
246989
243260
241199
249726
294243
304149
308919
267233
252177
249442
249834
246000
252121
297154
311684
329909
263065
296887
267095
249126
240239
253275
234564
242253
353963
397896
307006
256136
272938
265252
284494
303974
503493
257232
278880
340734
299898
294173
291126
297395
271670
272224
290711
286209
268747
292904
259259
314075
280597
292541
386010
226657
272570
250068
250019
289329
279873
254898
276164
250371
261755
244674
226851
252615
256583
280947
291545
253815
342840
270747
264885
218957
253239
269603
267232
273394
315294
334876
285369
281644
275221
277843
265475
272608
254822
249535
303937
268878
251068
302334
294878
277943
264701
250913
245035
321509
296264
258487
249984
365462
342617
258509
249087
239393
257520
256705
269705
282825
243488
312956
287619
272490
247756
259513
252694
258716
300673
275508
253902
250545
270895
311529
324761
344775
347804
306971
277222
369068
284124
275982
296154
281609
370926
377302
267501
260338
266180
249170
262143
251243
245536
245897
358498
268010
269607
237429
284767
332485
255057
253722
246203
349576
329083
316367
332906
229141
295023
265057
261961
296974
253995
327262
292699
270591
271649
282411
231017
247011
285657
394780
264766
390718
293071
273760
315895
257474
282469
266034
264823
357031
246790
319961
269802
263454
259565
307802
269308
249838
250154
244410
266572
286179
262587
266559
258108
265990
258130
296316
266152
272142
252813
322422
260812
248891
243970
311736
305178
290513
266558
261398
265435
278602
273370
281362
285639
223501
284984
264441
246765
303106
244878
278717
283260
255837
253785
230792
254324
276159
253111
227226
279896
291626
357383
260442
364102
300758
327468
292206
274414
256280
254904
292118
368174
253485
296704
274328
270064
293859
396299
288681
257001
292495
296406
303708
270880
366887
358537
313535
322115
289158
285462
281866
245041
288046
291384
318204
270581
434541
249284
262291
288724
294996
264430
255997
251226
287067
251101
287772
283231
300101
355048
307972
273425
249600
237638
310008
241368
295457
287250
285961
265589
300954
257202
2667230
933270
292217
317093
253689
274606
226226
900854
250847
1112761
288447
347859
346249
292974
245913
268741
250577
325637
279170
278944
258031
275514
243251
419565
271071
301637
409463
316159
232862
367891
288056
313737
315169
304871
297833
258208
243430
393622
249926
255382
262932
308189
364375
260122
255002
247487
232589
314963
481736
242400
254815
253032
258825
277390
289189
283834
264903
310458
266027
254180
238545
272343
263455
302787
301219
281191
297586
254387
244823
250890
250337
230174
348717
303033
270798
243596
285439
341026
251743
248261
238831
240208
330092
317978
228816
357139
269516
246672
237643
227465
271470
259093
289752
225749
210586
382351
282157
254042
288770
264267
250105
244631
399037
275253
266374
291726
226592
271237
256582
244775
254122
251002
257611
291722
362214
330368
237373
294049
298152
250805
275575
240930
272980
295711
393205
246017
261187
261403
261580
248995
282557
298228
394898
275494
296772
345338
270444
275779
258178
259083
313136
354230
306534
292833
359093
275823
282029
267096
250592
318698
257575
314835
385717
286635
238833
282932
288595
267716
263888
243121
344380
267672
403459
292848
272107
316792
299184
289715
254920
258167
291569
300861
299037
257848
255161
260408
249626
299318
252892
248072
279684
341971
309933
321760
283297
266942
296707
292016
305513
275204
277560
485140
289618
306444
323572
232454
248315
283006
255468
295873
559152
386762
308466
299356
291714
272569
240888
249511
370511
228556
264317
422226
373789
279309
274178
251261
282053
259848
310102
275086
249655
273678
290242
281274
276209
268045
316208
251901
305837
319786
258575
246413
299222
278091
291857
263874
302958
321128
321434
295160
253631
288974
271136
272302
252419
242556
238871
291657
260552
255857
264080
257615
315912
296421
324611
308519
408036
284472
297254
255440
296807
264196
278096
304256
272788
253334
273914
289797
262721
302597
291445
266505
307230
364668
374526
250083
276509
276847
247840
316698
260350
339890
284830
286898
237818
263428
258423
271530
314401
384153
370106
276628
329678
271942
268131
287519
402662
306104
272889
363697
287853
326341
280969
258068
270222
367487
301323
302036
348348
326341
461013
323013
320784
282845
294415
367087
295791
266098
413645
281899
328013
268995
247307
287467
256036
282604
278390
287864
379428
252001
339710
315085
260884
276370
251727
365315
272520
279522
386068
283414
278647
280646
256065
279547
268273
264420
252484
254027
401774
249613
297919
270203
244347
409880
272288
247233
358288
268412
299294
275550
296579
288967
273121
315961
258443
267777
263529
283339
266680
230615
264203
340614
276357
366237
268587
6056757
2653738
821121
999311
294485
259470
228909
275287
318309
327101
303235
285517
260911
251926
274193
248040
272920
304992
278938
271134
293215
291266
270035
252794
255391
272584
248185
274779
288164
305259
311722
275010
250994
255760
291579
253632
274679
269267
319554
281561
347868
295951
350410
272771
263034
261510
259523
273354
293463
262558
259912
297272
476751
286355
243158
263610
333197
295315
349554
404857
330985
269546
282194
254831
286829
317597
401566
285333
336290
304152
296771
260973
261752
267559
267300
359816
234643
399381
262199
390672
274434
309276
291510
296149
288828
308779
418767
280622
285416
263346
272418
263641
289261
270515
272053
299178
335726
285239
265577
234184
1024005
305373
309034
272356
282627
407972
285915
283528
267450
262612
285517
270893
264371
254188
244258
283218
277725
266294
271786
280469
268370
284143
301329
331377
342871
266099
243749
233266
265793
258908
266534
264186
249792
262527
250895
248081
327080
290767
265193
249555
290940
259189
423504
255955
253149
244593
244298
250999
279975
271807
279117
370918
291053
328744
275323
250390
256280
256651
280904
275200
343430
286694
296428
217901
252699
243878
292322
383422
288192
291557
262493
309921
281437
250368
230329
277679
250456
248168
422286
226376
267970
244958
269221
328146
278127
305658
402577
238208
272744
263440
323546
293627
268234
274995
290230
254295
258737
262268
263625
249835
289114
247937
306139
282170
268252
282411
266427
269637
316776
303469
317368
288333
251004
275836
267855
427990
261946
399631
268305
345945
251753
262633
261378
316953
259625
356496
289715
252841
247732
356378
446859
288404
302071
272686
247725
303682
280177
278875
259843
329196
290966
271045
260390
286617
266460
271163
307256
347137
347900
301954
313870
324194
291037
318505
279728
354129
267980
254204
259410
247717
315966
260230
254672
372848
307433
349767
274740
242529
267092
274738
240112
383075
350607
256768
252610
238583
257373
291892
311966
321538
305054
259987
261028
282155
382443
272945
254720
305062
279585
278758
246988
293958
298556
388858
367386
279854
341458
255228
270172
271908
269487
322644
323232
265627
254247
246992
265250
266733
293194
289138
334004
271561
255155
320898
278016
257779
260715
264105
274262
888235
331069
301654
293608
267675
279518
267293
286789
292342
355330
261744
280109
291558
269616
459874
252078
280636
260125
250308
283998
268745
414468
252609
249369
626987
1088391
2512836
759302
313464
263912
288847
275840
276296
268209
269445
318394
255065
290629
270486
262798
295089
259808
440787
350020
308126
343424
270702
308127
426909
400978
267402
287313
312181
276827
325306
387604
330647
336727
309602
287683
310804
255605
271790
373876
260051
248340
249280
283016
291764
281601
405524
292491
285197
351762
270182
3025050
316978
358024
281463
318930
254964
258882
299141
290429
219390
240958
255074
275474
485355
291670
305258
259149
269077
304994
281328
265424
346445
400193
258606
347825
270074
286156
255861
313241
246100
363478
307923
296914
286181
386988
262723
280205
277301
292070
257056
370998
322840
274195
265374
316048
260275
329307
269541
336947
445442
285617
265930
312233
260198
247633
245041
252132
239791
433495
261751
274818
354544
281837
253386
446671
274798
293611
285398
268453
276365
341347
258665
279359
277927
287722
251900
390525
252399
252660
247857
249678
327311
386348
290431
259552
247046
242875
246849
380066
306914
381676
263186
251143
388570
285596
296331
219352
4170247
475121
272537
277421
246859
296182
377625
264620
511572
349352
289099
316577
358527
282647
307343
332854
262693
276335
319137
370565
340796
456802
285969
256552
428513
363109
271618
259261
247933
436267
357903
265813
277913
237837
305976
323631
282027
241936
233346
379076
443475
294907
282267
372073
293471
256632
237431
1711927
348935
297140
240446
279629
262713
387598
311320
262137
285834
275306
336548
329577
272147
246308
264936
343933
321060
272564
265845
302661
333507
360769
265421
280066
300808
295204
267032
401820
316161
286156
259287
331632
289005
314186
285620
330026
271523
259953
336838
335503
273015
258816
328278
382702
282987
282027
291501
374815
267303
246923
307126
306082
279990
313561
291711
301895
263155
314901
296013
363755
319643
281592
301372
312956
297186
386994
390614
265418
365037
298169
253806
276628
279466
302773
281058
351507
277709
402046
275909
342268
315884
302118
294342
375901
263622
298314
356388
262977
289209
368474
316933
340336
359689
274647
295089
312185
304633
275962
305589
345482
312323
332954
262483
294239
389241
370324
376874
339265
289203
285242
382587
279112
371110
291033
270398
259649
294159
268698
259013
297054
262493
302701
311238
351594
422688
377709
308475
324747
340541
318657
322221
324515
259820
395631
285137
411238
337698
326138
285987
273989
331308
263768
273699
343430
296943
374719
310686
311056
354232
331056
387141
305119
321838
339215
343993
362225
373549
383719
380124
287673
317145
311677
